7f45 4c46 0201 0100 0000 0000 0000 0000

0200 3e00 0100 0000 8007 4000 0000 0000

4000 0000 0000 0000 981b 0000 0000 0000

0000 0000 4000 3800 0900 4000 1f00 1c00

0600 0000 0500 0000 4000 0000 0000 0000

4000 4000 0000 0000 4000 4000 0000 0000

f801 0000 0000 0000 f801 0000 0000 0000

0800 0000 0000 0000 0300 0000 0400 0000

3802 0000 0000 0000 3802 4000 0000 0000

3802 4000 0000 0000 1c00 0000 0000 0000

1c00 0000 0000 0000 0100 0000 0000 0000

0100 0000 0500 0000 0000 0000 0000 0000

0000 4000 0000 0000 0000 4000 0000 0000

6c0c 0000 0000 0000 6c0c 0000 0000 0000

0000 2000 0000 0000 0100 0000 0600 0000

000e 0000 0000 0000 000e 6000 0000 0000

000e 6000 0000 0000 7802 0000 0000 0000

8002 0000 0000 0000 0000 2000 0000 0000

0200 0000 0600 0000 180e 0000 0000 0000

180e 6000 0000 0000 180e 6000 0000 0000

e001 0000 0000 0000 e001 0000 0000 0000

0800 0000 0000 0000 0400 0000 0400 0000

5402 0000 0000 0000 5402 4000 0000 0000

5402 4000 0000 0000 4400 0000 0000 0000

4400 0000 0000 0000 0400 0000 0000 0000

50e5 7464 0400 0000 400b 0000 0000 0000

400b 4000 0000 0000 400b 4000 0000 0000

3400 0000 0000 0000 3400 0000 0000 0000

0400 0000 0000 0000 51e5 7464 0600 0000

0000 0000 0000 0000 0000 0000 0000 0000

0000 0000 0000 0000 0000 0000 0000 0000

0000 0000 0000 0000 1000 0000 0000 0000

52e5 7464 0400 0000 000e 0000 0000 0000

000e 6000 0000 0000 000e 6000 0000 0000

0002 0000 0000 0000 0002 0000 0000 0000

0100 0000 0000 0000 2f6c 6962 3634 2f6c

642d 6c69 6e75 782d 7838 362d 3634 2e73

6f2e 3200 0400 0000 1000 0000 0100 0000

474e 5500 0000 0000 0200 0000 0600 0000

2000 0000 0400 0000 1400 0000 0300 0000

474e 5500 e707 4262 93fb 8df3 8984 9d6d

4366 5deb 4e02 29c2 0100 0000 0100 0000

0100 0000 0000 0000 0000 0000 0000 0000

0000 0000 0000 0000 0000 0000 0000 0000

0000 0000 0000 0000 0000 0000 0000 0000

7700 0000 1200 0000 0000 0000 0000 0000

0000 0000 0000 0000 8000 0000 1200 0000

0000 0000 0000 0000 0000 0000 0000 0000

3000 0000 2000 0000 0000 0000 0000 0000

0000 0000 0000 0000 3f00 0000 2000 0000

0000 0000 0000 0000 0000 0000 0000 0000

a500 0000 1200 0000 0000 0000 0000 0000

0000 0000 0000 0000 9d00 0000 1200 0000

0000 0000 0000 0000 0000 0000 0000 0000

c900 0000 1200 0000 0000 0000 0000 0000

0000 0000 0000 0000 1400 0000 2000 0000

0000 0000 0000 0000 0000 0000 0000 0000

bb00 0000 1200 0000 0000 0000 0000 0000

0000 0000 0000 0000 5300 0000 2000 0000

0000 0000 0000 0000 0000 0000 0000 0000

9500 0000 1200 0000 0000 0000 0000 0000

0000 0000 0000 0000 6d00 0000 1200 0000

0000 0000 0000 0000 0000 0000 0000 0000

aa00 0000 1200 0000 0000 0000 0000 0000

0000 0000 0000 0000 c200 0000 1200 0000

0000 0000 0000 0000 0000 0000 0000 0000

006c 6962 6372 7970 746f 2e73 6f2e 312e

302e 3000 5f49 544d 5f64 6572 6567 6973

7465 7254 4d43 6c6f 6e65 5461 626c 6500

5f5f 676d 6f6e 5f73 7461 7274 5f5f 005f

4a76 5f52 6567 6973 7465 7243 6c61 7373

6573 005f 4954 4d5f 7265 6769 7374 6572

544d 436c 6f6e 6554 6162 6c65 004d 4435

5f46 696e 616c 004d 4435 5f49 6e69 7400

4d44 355f 5570 6461 7465 006c 6962 632e

736f 2e36 0073 7072 696e 7466 0073 7472

6e63 6d70 0070 7574 7300 5f5f 7374 6163

6b5f 6368 6b5f 6661 696c 0073 7472 6c65

6e00 7374 7263 6d70 005f 5f6c 6962 635f

7374 6172 745f 6d61 696e 0047 4c49 4243

5f32 2e34 0047 4c49 4243 5f32 2e32 2e35

004f 5045 4e53 534c 5f31 2e30 2e30 0000

0000 0200 0200 0000 0000 0300 0300 0300

0000 0300 0000 0300 0200 0400 0300 0000

0100 0200 8b00 0000 1000 0000 3000 0000

1469 690d 0000 0400 db00 0000 1000 0000

751a 6909 0000 0300 e500 0000 0000 0000

0100 0100 0100 0000 1000 0000 0000 0000

202b 6a06 0000 0200 f100 0000 0000 0000

f80f 6000 0000 0000 0600 0000 0300 0000

0000 0000 0000 0000 1810 6000 0000 0000

0700 0000 0100 0000 0000 0000 0000 0000

2010 6000 0000 0000 0700 0000 0200 0000

0000 0000 0000 0000 2810 6000 0000 0000

0700 0000 0500 0000 0000 0000 0000 0000

3010 6000 0000 0000 0700 0000 0600 0000

0000 0000 0000 0000 3810 6000 0000 0000

0700 0000 0700 0000 0000 0000 0000 0000

4010 6000 0000 0000 0700 0000 0900 0000

0000 0000 0000 0000 4810 6000 0000 0000

0700 0000 0b00 0000 0000 0000 0000 0000

5010 6000 0000 0000 0700 0000 0c00 0000

0000 0000 0000 0000 5810 6000 0000 0000

0700 0000 0d00 0000 0000 0000 0000 0000

6010 6000 0000 0000 0700 0000 0e00 0000

0000 0000 0000 0000 4883 ec08 488b 0555

0920 0048 85c0 7405 e8c3 0000 0048 83c4

08c3 0000 0000 0000 0000 0000 0000 0000

ff35 4209 2000 ff25 4409 2000 0f1f 4000

ff25 4209 2000 6800 0000 00e9 e0ff ffff

ff25 3a09 2000 6801 0000 00e9 d0ff ffff

ff25 3209 2000 6802 0000 00e9 c0ff ffff

ff25 2a09 2000 6803 0000 00e9 b0ff ffff

ff25 2209 2000 6804 0000 00e9 a0ff ffff

ff25 1a09 2000 6805 0000 00e9 90ff ffff

ff25 1209 2000 6806 0000 00e9 80ff ffff

ff25 0a09 2000 6807 0000 00e9 70ff ffff

ff25 0209 2000 6808 0000 00e9 60ff ffff

ff25 fa08 2000 6809 0000 00e9 50ff ffff

ff25 8208 2000 6690 0000 0000 0000 0000

31ed 4989 d15e 4889 e248 83e4 f050 5449

c7c0 d00a 4000 48c7 c160 0a40 0048 c7c7

7608 4000 e867 ffff fff4 660f 1f44 0000

b87f 1060 0055 482d 7810 6000 4883 f80e

4889 e576 1bb8 0000 0000 4885 c074 115d

bf78 1060 00ff e066 0f1f 8400 0000 0000

5dc3 0f1f 4000 662e 0f1f 8400 0000 0000

be78 1060 0055 4881 ee78 1060 0048 c1fe

0348 89e5 4889 f048 c1e8 3f48 01c6 48d1

fe74 15b8 0000 0000 4885 c074 0b5d bf78

1060 00ff e00f 1f00 5dc3 660f 1f44 0000

803d 4108 2000 0075 1155 4889 e5e8 6eff

ffff 5dc6 052e 0820 0001 f3c3 0f1f 4000

bf10 0e60 0048 833f 0075 05eb 930f 1f00

b800 0000 0048 85c0 74f1 5548 89e5 ffd0

5de9 7aff ffff 5548 89e5 4881 ecd0 0000

0089 bd4c ffff ff48 89b5 40ff ffff 4889

9538 ffff ff64 488b 0425 2800 0000 4889

45f8 31c0 48c7 45d0 0000 0000 48c7 45d8

0000 0000 48c7 45e0 0000 0000 48c7 45e8

0000 0000 c645 f000 48c7 8558 ffff ff00

0000 0083 bd4c ffff ff01 744f bfe8 0a40

00e8 0afe ffff b801 0000 00e9 4b01 0000

488b 8538 ffff ff48 8b00 ba14 0000 00be

f60a 4000 4889 c7e8 f4fd ffff 85c0 7513

488b 8538 ffff ff48 8b00 4889 8558 ffff

ffeb 1748 8385 38ff ffff 0848 8b85 38ff

ffff 488b 0048 85c0 75b6 4883 bd58 ffff

ff00 7514 bfe8 0a40 00e8 a2fd ffff b801

0000 00e9 e300 0000 4883 8558 ffff ff14

488d 8560 ffff ff48 89c7 e861 fdff ff48

8b85 58ff ffff 4889 c7e8 a2fd ffff 4889

c248 8b8d 58ff ffff 488d 8560 ffff ff48

89ce 4889 c7e8 46fd ffff 488d 9560 ffff

ff48 8d45 c048 89d6 4889 c7e8 90fd ffff

c785 54ff ffff 0000 0000 eb3d 8b85 54ff

ffff 4898 0fb6 4405 c00f b6c0 8b95 54ff

ffff 01d2 488d 4dd0 4863 d248 01d1 89c2

be0b 0b40 0048 89cf b800 0000 00e8 3efd

ffff 8385 54ff ffff 0183 bd54 ffff ff0f

7eba c645 f000 488d 45d0 4889 c6bf 100b

4000 e849 fdff ff85 c075 11bf 310b 4000

e8cb fcff ffb8 0000 0000 eb0f bfe8 0a40

00e8 bafc ffff b801 0000 0048 8b4d f864

4833 0c25 2800 0000 7405 e801 fdff ffc9

c366 2e0f 1f84 0000 0000 000f 1f44 0000

4157 4156 4189 ff41 5541 544c 8d25 8e03

2000 5548 8d2d 8e03 2000 5349 89f6 4989

d54c 29e5 4883 ec08 48c1 fd03 e807 fcff

ff48 85ed 7420 31db 0f1f 8400 0000 0000

4c89 ea4c 89f6 4489 ff41 ff14 dc48 83c3

0148 39eb 75ea 4883 c408 5b5d 415c 415d

415e 415f c390 662e 0f1f 8400 0000 0000

f3c3 0000 4883 ec08 4883 c408 c300 0000

0100 0200 0000 0000 4163 6365 7373 2044

656e 6965 6400 6a65 6e6e 6965 616e 646a

6179 6c6f 7665 6173 6d3d 0025 3032 7800

6539 3961 3138 6334 3238 6362 3338 6435

6632 3630 3835 3336 3738 3932 3265 3033

0041 6363 6573 7320 4772 616e 7465 6400

011b 033b 3400 0000 0500 0000 80fb ffff

8000 0000 40fc ffff 5000 0000 36fd ffff

a800 0000 20ff ffff c800 0000 90ff ffff

1001 0000 0000 0000 1400 0000 0000 0000

017a 5200 0178 1001 1b0c 0708 9001 0710

1400 0000 1c00 0000 e8fb ffff 2a00 0000

0000 0000 0000 0000 1400 0000 0000 0000

017a 5200 0178 1001 1b0c 0708 9001 0000

2400 0000 1c00 0000 f8fa ffff b000 0000

000e 1046 0e18 4a0f 0b77 0880 003f 1a3b

2a33 2422 0000 0000 1c00 0000 4400 0000

86fc ffff db01 0000 0041 0e10 8602 430d

0603 d601 0c07 0800 4400 0000 6400 0000

50fe ffff 6500 0000 0042 0e10 8f02 420e

188e 0345 0e20 8d04 420e 288c 0548 0e30

8606 480e 3883 074d 0e40 720e 3841 0e30

410e 2842 0e20 420e 1842 0e10 420e 0800

1400 0000 ac00 0000 78fe ffff 0200 0000

0000 0000 0000 0000 0000 0000 0000 0000

0000 0000 0000 0000 0000 0000 0000 0000

0000 0000 0000 0000 0000 0000 0000 0000

0000 0000 0000 0000 0000 0000 0000 0000

0000 0000 0000 0000 0000 0000 0000 0000

0000 0000 0000 0000 0000 0000 0000 0000

0000 0000 0000 0000 0000 0000 0000 0000

0000 0000 0000 0000 0000 0000 0000 0000

0000 0000 0000 0000 0000 0000 0000 0000

0000 0000 0000 0000 0000 0000 0000 0000

0000 0000 0000 0000 0000 0000 0000 0000

0000 0000 0000 0000 0000 0000 0000 0000

0000 0000 0000 0000 0000 0000 0000 0000

0000 0000 0000 0000 0000 0000 0000 0000

0000 0000 0000 0000 0000 0000 0000 0000

0000 0000 0000 0000 0000 0000 0000 0000

0000 0000 0000 0000 0000 0000 0000 0000

0000 0000 0000 0000 0000 0000 0000 0000

0000 0000 0000 0000 0000 0000 0000 0000

0000 0000 0000 0000 0000 0000 0000 0000

0000 0000 0000 0000 0000 0000 0000 0000

0000 0000 0000 0000 0000 0000 0000 0000

0000 0000 0000 0000 0000 0000 0000 0000

0000 0000 0000 0000 0000 0000 0000 0000

0000 0000 0000 0000 0000 0000 0000 0000

0000 0000 0000 0000 0000 0000 0000 0000

5008 4000 0000 0000 3008 4000 0000 0000

0000 0000 0000 0000 0100 0000 0000 0000

0100 0000 0000 0000 0100 0000 0000 0000

8b00 0000 0000 0000 0c00 0000 0000 0000

9806 4000 0000 0000 0d00 0000 0000 0000

d40a 4000 0000 0000 1900 0000 0000 0000

000e 6000 0000 0000 1b00 0000 0000 0000

0800 0000 0000 0000 1a00 0000 0000 0000

080e 6000 0000 0000 1c00 0000 0000 0000

0800 0000 0000 0000 f5fe ff6f 0000 0000

9802 4000 0000 0000 0500 0000 0000 0000

2004 4000 0000 0000 0600 0000 0000 0000

b802 4000 0000 0000 0a00 0000 0000 0000

ff00 0000 0000 0000 0b00 0000 0000 0000

1800 0000 0000 0000 1500 0000 0000 0000

0000 0000 0000 0000 0300 0000 0000 0000

0010 6000 0000 0000 0200 0000 0000 0000

f000 0000 0000 0000 1400 0000 0000 0000

0700 0000 0000 0000 1700 0000 0000 0000

a805 4000 0000 0000 0700 0000 0000 0000

9005 4000 0000 0000 0800 0000 0000 0000

1800 0000 0000 0000 0900 0000 0000 0000

1800 0000 0000 0000 feff ff6f 0000 0000

4005 4000 0000 0000 ffff ff6f 0000 0000

0200 0000 0000 0000 f0ff ff6f 0000 0000

2005 4000 0000 0000 0000 0000 0000 0000

0000 0000 0000 0000 0000 0000 0000 0000

0000 0000 0000 0000 0000 0000 0000 0000

0000 0000 0000 0000 0000 0000 0000 0000

0000 0000 0000 0000 0000 0000 0000 0000

0000 0000 0000 0000 0000 0000 0000 0000

0000 0000 0000 0000 0000 0000 0000 0000

180e 6000 0000 0000 0000 0000 0000 0000

0000 0000 0000 0000 d606 4000 0000 0000

e606 4000 0000 0000 f606 4000 0000 0000

0607 4000 0000 0000 1607 4000 0000 0000

2607 4000 0000 0000 3607 4000 0000 0000

4607 4000 0000 0000 5607 4000 0000 0000

6607 4000 0000 0000 0000 0000 0000 0000

0000 0000 0000 0000 4743 433a 2028 5562

756e 7475 2035 2e34 2e30 2d36 7562 756e

7475 317e 3136 2e30 342e 3229 2035 2e34

2e30 2032 3031 3630 3630 3900 0000 0000

0000 0000 0000 0000 0000 0000 0000 0000

0000 0000 0000 0000 0000 0000 0300 0100

3802 4000 0000 0000 0000 0000 0000 0000

0000 0000 0300 0200 5402 4000 0000 0000

0000 0000 0000 0000 0000 0000 0300 0300

7402 4000 0000 0000 0000 0000 0000 0000

0000 0000 0300 0400 9802 4000 0000 0000

0000 0000 0000 0000 0000 0000 0300 0500

b802 4000 0000 0000 0000 0000 0000 0000

0000 0000 0300 0600 2004 4000 0000 0000

0000 0000 0000 0000 0000 0000 0300 0700

2005 4000 0000 0000 0000 0000 0000 0000

0000 0000 0300 0800 4005 4000 0000 0000

0000 0000 0000 0000 0000 0000 0300 0900

9005 4000 0000 0000 0000 0000 0000 0000

0000 0000 0300 0a00 a805 4000 0000 0000

0000 0000 0000 0000 0000 0000 0300 0b00

9806 4000 0000 0000 0000 0000 0000 0000

0000 0000 0300 0c00 c006 4000 0000 0000

0000 0000 0000 0000 0000 0000 0300 0d00

7007 4000 0000 0000 0000 0000 0000 0000

0000 0000 0300 0e00 8007 4000 0000 0000

0000 0000 0000 0000 0000 0000 0300 0f00

d40a 4000 0000 0000 0000 0000 0000 0000

0000 0000 0300 1000 e00a 4000 0000 0000

0000 0000 0000 0000 0000 0000 0300 1100

400b 4000 0000 0000 0000 0000 0000 0000

0000 0000 0300 1200 780b 4000 0000 0000

0000 0000 0000 0000 0000 0000 0300 1300

000e 6000 0000 0000 0000 0000 0000 0000

0000 0000 0300 1400 080e 6000 0000 0000

0000 0000 0000 0000 0000 0000 0300 1500

100e 6000 0000 0000 0000 0000 0000 0000

0000 0000 0300 1600 180e 6000 0000 0000

0000 0000 0000 0000 0000 0000 0300 1700

f80f 6000 0000 0000 0000 0000 0000 0000

0000 0000 0300 1800 0010 6000 0000 0000

0000 0000 0000 0000 0000 0000 0300 1900

6810 6000 0000 0000 0000 0000 0000 0000

0000 0000 0300 1a00 7810 6000 0000 0000

0000 0000 0000 0000 0000 0000 0300 1b00

0000 0000 0000 0000 0000 0000 0000 0000

0100 0000 0400 f1ff 0000 0000 0000 0000

0000 0000 0000 0000 0c00 0000 0100 1500

100e 6000 0000 0000 0000 0000 0000 0000

1900 0000 0200 0e00 b007 4000 0000 0000

0000 0000 0000 0000 1b00 0000 0200 0e00

f007 4000 0000 0000 0000 0000 0000 0000

2e00 0000 0200 0e00 3008 4000 0000 0000

0000 0000 0000 0000 4400 0000 0100 1a00

7810 6000 0000 0000 0100 0000 0000 0000

5300 0000 0100 1400 080e 6000 0000 0000

0000 0000 0000 0000 7a00 0000 0200 0e00

5008 4000 0000 0000 0000 0000 0000 0000

8600 0000 0100 1300 000e 6000 0000 0000

0000 0000 0000 0000 a500 0000 0400 f1ff

0000 0000 0000 0000 0000 0000 0000 0000

0100 0000 0400 f1ff 0000 0000 0000 0000

0000 0000 0000 0000 b000 0000 0100 1200

680c 4000 0000 0000 0000 0000 0000 0000

be00 0000 0100 1500 100e 6000 0000 0000

0000 0000 0000 0000 0000 0000 0400 f1ff

0000 0000 0000 0000 0000 0000 0000 0000

ca00 0000 0000 1100 400b 4000 0000 0000

0000 0000 0000 0000 dd00 0000 0100 1800

0010 6000 0000 0000 0000 0000 0000 0000

f300 0000 0000 1300 080e 6000 0000 0000

0000 0000 0000 0000 0401 0000 0000 1300

000e 6000 0000 0000 0000 0000 0000 0000

1701 0000 0100 1600 180e 6000 0000 0000

0000 0000 0000 0000 2602 0000 2000 1900

6810 6000 0000 0000 0000 0000 0000 0000

2001 0000 1200 0000 0000 0000 0000 0000

0000 0000 0000 0000 3801 0000 1200 0e00

d00a 4000 0000 0000 0200 0000 0000 0000

2a02 0000 1200 0e00 8007 4000 0000 0000

2a00 0000 0000 0000 4801 0000 1200 0000

0000 0000 0000 0000 0000 0000 0000 0000

6201 0000 2000 0000 0000 0000 0000 0000

0000 0000 0000 0000 7101 0000 2000 0000

0000 0000 0000 0000 0000 0000 0000 0000

8501 0000 1200 0000 0000 0000 0000 0000

0000 0000 0000 0000 4201 0000 1200 0f00

d40a 4000 0000 0000 0000 0000 0000 0000

9701 0000 1200 0000 0000 0000 0000 0000

0000 0000 0000 0000 ac01 0000 1200 0000

0000 0000 0000 0000 0000 0000 0000 0000

cb01 0000 2000 0000 0000 0000 0000 0000

0000 0000 0000 0000 e701 0000 1100 1000

e00a 4000 0000 0000 0400 0000 0000 0000

f601 0000 1200 0000 0000 0000 0000 0000

0000 0000 0000 0000 0a02 0000 2000 0000

0000 0000 0000 0000 0000 0000 0000 0000

2402 0000 1000 1900 6810 6000 0000 0000

0000 0000 0000 0000 3102 0000 1200 0000

0000 0000 0000 0000 0000 0000 0000 0000

4602 0000 1200 0000 0000 0000 0000 0000

0000 0000 0000 0000 5f02 0000 1102 1900

7810 6000 0000 0000 0000 0000 0000 0000

6b02 0000 1102 1900 7010 6000 0000 0000

0000 0000 0000 0000 7802 0000 1200 0e00

600a 4000 0000 0000 6500 0000 0000 0000

8802 0000 1000 1a00 7810 6000 0000 0000

0000 0000 0000 0000 9402 0000 1200 0000

0000 0000 0000 0000 0000 0000 0000 0000

b002 0000 1200 0000 0000 0000 0000 0000

0000 0000 0000 0000 ff00 0000 1000 1a00

8010 6000 0000 0000 0000 0000 0000 0000

c402 0000 1000 1900 7810 6000 0000 0000

0000 0000 0000 0000 cb02 0000 1200 0e00

7608 4000 0000 0000 db01 0000 0000 0000

8202 0000 1200 0b00 9806 4000 0000 0000

0000 0000 0000 0000 0063 7274 7374 7566

662e 6300 5f5f 4a43 525f 4c49 5354 5f5f

0064 6572 6567 6973 7465 725f 746d 5f63

6c6f 6e65 7300 5f5f 646f 5f67 6c6f 6261

6c5f 6474 6f72 735f 6175 7800 636f 6d70

6c65 7465 642e 3735 3835 005f 5f64 6f5f

676c 6f62 616c 5f64 746f 7273 5f61 7578

5f66 696e 695f 6172 7261 795f 656e 7472

7900 6672 616d 655f 6475 6d6d 7900 5f5f

6672 616d 655f 6475 6d6d 795f 696e 6974

5f61 7272 6179 5f65 6e74 7279 0063 7261

636b 6d65 322e 6300 5f5f 4652 414d 455f

454e 445f 5f00 5f5f 4a43 525f 454e 445f

5f00 5f5f 474e 555f 4548 5f46 5241 4d45

5f48 4452 005f 474c 4f42 414c 5f4f 4646

5345 545f 5441 424c 455f 005f 5f69 6e69

745f 6172 7261 795f 656e 6400 5f5f 696e

6974 5f61 7272 6179 5f73 7461 7274 005f

4459 4e41 4d49 4300 4d44 355f 496e 6974

4040 4f50 454e 5353 4c5f 312e 302e 3000

5f5f 6c69 6263 5f63 7375 5f66 696e 6900

4d44 355f 5570 6461 7465 4040 4f50 454e

5353 4c5f 312e 302e 3000 5f5f 676d 6f6e

5f73 7461 7274 5f5f 005f 4a76 5f52 6567

6973 7465 7243 6c61 7373 6573 0070 7574

7340 4047 4c49 4243 5f32 2e32 2e35 0073

7472 6e63 6d70 4040 474c 4942 435f 322e

322e 3500 5f5f 6c69 6263 5f73 7461 7274

5f6d 6169 6e40 4047 4c49 4243 5f32 2e32

2e35 005f 4954 4d5f 6465 7265 6769 7374

6572 544d 436c 6f6e 6554 6162 6c65 005f

494f 5f73 7464 696e 5f75 7365 6400 7374

726c 656e 4040 474c 4942 435f 322e 322e

3500 5f49 544d 5f72 6567 6973 7465 7254

4d43 6c6f 6e65 5461 626c 6500 5f5f 6461

7461 5f73 7461 7274 0073 7072 696e 7466

4040 474c 4942 435f 322e 322e 3500 4d44

355f 4669 6e61 6c40 404f 5045 4e53 534c

5f31 2e30 2e30 005f 5f54 4d43 5f45 4e44

5f5f 005f 5f64 736f 5f68 616e 646c 6500

5f5f 6c69 6263 5f63 7375 5f69 6e69 7400

5f5f 6273 735f 7374 6172 7400 5f5f 7374

6163 6b5f 6368 6b5f 6661 696c 4040 474c

4942 435f 322e 3400 7374 7263 6d70 4040

474c 4942 435f 322e 322e 3500 5f65 6461

7461 006d 6169 6e00 002e 7379 6d74 6162

002e 7374 7274 6162 002e 7368 7374 7274

6162 002e 696e 7465 7270 002e 6e6f 7465

2e41 4249 2d74 6167 002e 6e6f 7465 2e67

6e75 2e62 7569 6c64 2d69 6400 2e67 6e75

2e68 6173 6800 2e64 796e 7379 6d00 2e64

796e 7374 7200 2e67 6e75 2e76 6572 7369

6f6e 002e 676e 752e 7665 7273 696f 6e5f

7200 2e72 656c 612e 6479 6e00 2e72 656c

612e 706c 7400 2e69 6e69 7400 2e70 6c74

2e67 6f74 002e 7465 7874 002e 6669 6e69

002e 726f 6461 7461 002e 6568 5f66 7261

6d65 5f68 6472 002e 6568 5f66 7261 6d65

002e 696e 6974 5f61 7272 6179 002e 6669

6e69 5f61 7272 6179 002e 6a63 7200 2e64

796e 616d 6963 002e 676f 742e 706c 7400

2e64 6174 6100 2e62 7373 002e 636f 6d6d

656e 7400 0000 0000 0000 0000 0000 0000

0000 0000 0000 0000 0000 0000 0000 0000

0000 0000 0000 0000 0000 0000 0000 0000

0000 0000 0000 0000 0000 0000 0000 0000

0000 0000 0000 0000 1b00 0000 0100 0000

0200 0000 0000 0000 3802 4000 0000 0000

3802 0000 0000 0000 1c00 0000 0000 0000

0000 0000 0000 0000 0100 0000 0000 0000

0000 0000 0000 0000 2300 0000 0700 0000

0200 0000 0000 0000 5402 4000 0000 0000

5402 0000 0000 0000 2000 0000 0000 0000

0000 0000 0000 0000 0400 0000 0000 0000

0000 0000 0000 0000 3100 0000 0700 0000

0200 0000 0000 0000 7402 4000 0000 0000

7402 0000 0000 0000 2400 0000 0000 0000

0000 0000 0000 0000 0400 0000 0000 0000

0000 0000 0000 0000 4400 0000 f6ff ff6f

0200 0000 0000 0000 9802 4000 0000 0000

9802 0000 0000 0000 1c00 0000 0000 0000

0500 0000 0000 0000 0800 0000 0000 0000

0000 0000 0000 0000 4e00 0000 0b00 0000

0200 0000 0000 0000 b802 4000 0000 0000

b802 0000 0000 0000 6801 0000 0000 0000

0600 0000 0100 0000 0800 0000 0000 0000

1800 0000 0000 0000 5600 0000 0300 0000

0200 0000 0000 0000 2004 4000 0000 0000

2004 0000 0000 0000 ff00 0000 0000 0000

0000 0000 0000 0000 0100 0000 0000 0000

0000 0000 0000 0000 5e00 0000 ffff ff6f

0200 0000 0000 0000 2005 4000 0000 0000

2005 0000 0000 0000 1e00 0000 0000 0000

0500 0000 0000 0000 0200 0000 0000 0000

0200 0000 0000 0000 6b00 0000 feff ff6f

0200 0000 0000 0000 4005 4000 0000 0000

4005 0000 0000 0000 5000 0000 0000 0000

0600 0000 0200 0000 0800 0000 0000 0000

0000 0000 0000 0000 7a00 0000 0400 0000

0200 0000 0000 0000 9005 4000 0000 0000

9005 0000 0000 0000 1800 0000 0000 0000

0500 0000 0000 0000 0800 0000 0000 0000

1800 0000 0000 0000 8400 0000 0400 0000

4200 0000 0000 0000 a805 4000 0000 0000

a805 0000 0000 0000 f000 0000 0000 0000

0500 0000 1800 0000 0800 0000 0000 0000

1800 0000 0000 0000 8e00 0000 0100 0000

0600 0000 0000 0000 9806 4000 0000 0000

9806 0000 0000 0000 1a00 0000 0000 0000

0000 0000 0000 0000 0400 0000 0000 0000

0000 0000 0000 0000 8900 0000 0100 0000

0600 0000 0000 0000 c006 4000 0000 0000

c006 0000 0000 0000 b000 0000 0000 0000

0000 0000 0000 0000 1000 0000 0000 0000

1000 0000 0000 0000 9400 0000 0100 0000

0600 0000 0000 0000 7007 4000 0000 0000

7007 0000 0000 0000 0800 0000 0000 0000

0000 0000 0000 0000 0800 0000 0000 0000

0000 0000 0000 0000 9d00 0000 0100 0000

0600 0000 0000 0000 8007 4000 0000 0000

8007 0000 0000 0000 5203 0000 0000 0000

0000 0000 0000 0000 1000 0000 0000 0000

0000 0000 0000 0000 a300 0000 0100 0000

0600 0000 0000 0000 d40a 4000 0000 0000

d40a 0000 0000 0000 0900 0000 0000 0000

0000 0000 0000 0000 0400 0000 0000 0000

0000 0000 0000 0000 a900 0000 0100 0000

0200 0000 0000 0000 e00a 4000 0000 0000

e00a 0000 0000 0000 6000 0000 0000 0000

0000 0000 0000 0000 0800 0000 0000 0000

0000 0000 0000 0000 b100 0000 0100 0000

0200 0000 0000 0000 400b 4000 0000 0000

400b 0000 0000 0000 3400 0000 0000 0000

0000 0000 0000 0000 0400 0000 0000 0000

0000 0000 0000 0000 bf00 0000 0100 0000

0200 0000 0000 0000 780b 4000 0000 0000

780b 0000 0000 0000 f400 0000 0000 0000

0000 0000 0000 0000 0800 0000 0000 0000

0000 0000 0000 0000 c900 0000 0e00 0000

0300 0000 0000 0000 000e 6000 0000 0000

000e 0000 0000 0000 0800 0000 0000 0000

0000 0000 0000 0000 0800 0000 0000 0000

0000 0000 0000 0000 d500 0000 0f00 0000

0300 0000 0000 0000 080e 6000 0000 0000

080e 0000 0000 0000 0800 0000 0000 0000

0000 0000 0000 0000 0800 0000 0000 0000

0000 0000 0000 0000 e100 0000 0100 0000

0300 0000 0000 0000 100e 6000 0000 0000

100e 0000 0000 0000 0800 0000 0000 0000

0000 0000 0000 0000 0800 0000 0000 0000

0000 0000 0000 0000 e600 0000 0600 0000

0300 0000 0000 0000 180e 6000 0000 0000

180e 0000 0000 0000 e001 0000 0000 0000

0600 0000 0000 0000 0800 0000 0000 0000

1000 0000 0000 0000 9800 0000 0100 0000

0300 0000 0000 0000 f80f 6000 0000 0000

f80f 0000 0000 0000 0800 0000 0000 0000

0000 0000 0000 0000 0800 0000 0000 0000

0800 0000 0000 0000 ef00 0000 0100 0000

0300 0000 0000 0000 0010 6000 0000 0000

0010 0000 0000 0000 6800 0000 0000 0000

0000 0000 0000 0000 0800 0000 0000 0000

0800 0000 0000 0000 f800 0000 0100 0000

0300 0000 0000 0000 6810 6000 0000 0000

6810 0000 0000 0000 1000 0000 0000 0000

0000 0000 0000 0000 0800 0000 0000 0000

0000 0000 0000 0000 fe00 0000 0800 0000

0300 0000 0000 0000 7810 6000 0000 0000

7810 0000 0000 0000 0800 0000 0000 0000

0000 0000 0000 0000 0100 0000 0000 0000

0000 0000 0000 0000 0301 0000 0100 0000

3000 0000 0000 0000 0000 0000 0000 0000

7810 0000 0000 0000 3400 0000 0000 0000

0000 0000 0000 0000 0100 0000 0000 0000

0100 0000 0000 0000 1100 0000 0300 0000

0000 0000 0000 0000 0000 0000 0000 0000

881a 0000 0000 0000 0c01 0000 0000 0000

0000 0000 0000 0000 0100 0000 0000 0000

0000 0000 0000 0000 0100 0000 0200 0000

0000 0000 0000 0000 0000 0000 0000 0000

b010 0000 0000 0000 0807 0000 0000 0000

1e00 0000 2f00 0000 0800 0000 0000 0000

1800 0000 0000 0000 0900 0000 0300 0000

0000 0000 0000 0000 0000 0000 0000 0000

b817 0000 0000 0000 d002 0000 0000 0000

0000 0000 0000 0000 0100 0000 0000 0000

0000 0000 0000 0000 
